4942.49324609
5057.52018609
5185.61514609
5313.67372609
5444.71421609
5607.77754609
5721.82047609
5849.87905609
5962.96311609
6077.00604609
6190.09010609
6305.11704609
6392.14907609
6548.25018609
6704.35129609
6851.41970609
6952.46738609
7023.50449609
7154.54498609
7310.64609609
7441.68658609
7569.78154609
7668.84995609
7771.85914609
7842.89625609
7957.92319609
8054.97595609
8184.01854609
8315.05903609
8418.06822609
8489.10533609
8602.18939609
8749.25780609
8863.30073609
8991.39569609
9119.45427609
9247.54923609
9361.59216609
9508.66057609
9579.69768609
9707.75626609
9794.78829609
9907.87235609
10044.9312661
10172.9898461
10286.0739061
10423.1328161
10526.1420061
10583.1634661
10698.1904061
10827.2329961
10941.2759261
11070.3185161
11207.3774261
11264.3988861
11450.4781961
11507.4996561
11578.5367661
11635.5582261
11738.5674161
11866.6259961
11997.6664861
12128.7069761
12284.8080861
12397.8921461
12560.9554761
12658.0082361
12773.0351761
12844.0722861
13030.1515961
13193.2149261
13321.3098861
13378.3313461
13475.3841061
13661.4634161
13798.5223261
13855.5437861
13942.5758161
14098.6769261
14254.7780361
14367.8620961
14480.9461561
14595.9730961
14698.9822861
14862.0456161
14991.0882061
15177.1675161
15305.2624761
